"terms","PC1","PC2","PC3","PC4","PC5","PC6","PC7","PC8","PC9","PC10","PC11","PC12","PC13","PC14","PC15","PC16","PC17","PC18","PC19","PC20","PC21","PC22","PC23","PC24","PC25","PC26","PC27","PC28","PC29","PC30","PC31","PC32","PC33","PC34","PC35"
"land_area",0.196265683962951,0.220735638142468,-0.0835973546289722,0.198617482117564,-0.186059016630119,0.0222636363319568,-0.0974416120665012,0.084403606093393,-0.0534621936792281,0.220623191322602,-0.0173174652991924,-0.0961567608019833,0.178593031139859,-0.013651701086128,-0.0924960043656892,-0.0854302481448926,-0.0323690133073439,-0.0318405238076886,0.31909563751495,0.0655149921523026,0.164861292916061,-0.167184488351281,-0.157115078944593,-0.180992382219522,-0.25781466096153,0.0760891199783282,0.089567899305748,0.157338641872802,0.209861239114675,-0.0872119036951151,-0.142248507415365,-0.0519979661831546,-0.430172005055559,0.346203680048325,0.017182661506716
"holiday_homes",-0.0332466794696371,0.335515546199802,0.172138712917396,-0.033073216366533,0.0385371087974875,0.216364369454966,-0.271968356839184,0.126492593086289,-0.096249725224406,0.133831425459914,0.0025459494107092,0.0279417000233457,0.0389420203750958,-0.0230670027024025,-0.00211361588371649,-0.00268494786855827,0.0640052713169333,-0.129250687209342,0.252995100952884,0.159385318181124,-0.0412501804223273,-0.00292167861062754,0.143838529511422,0.231250470702842,-0.0408776183050814,-0.0215694974602992,0.0557067519790622,0.125227118135804,-0.296859158375569,0.0370981679627318,-0.229764774927516,-0.092232700090379,0.527930862438954,0.225323587012285,0.00422685754812562
"future_hh_area",0.127334024276263,0.220711068930182,0.159183701657663,-0.104057240612479,-0.12178368243675,0.12499379675602,-0.152411448117532,0.163958483875429,-0.110193094027303,0.0397073342522492,0.425477271662547,-0.118126227728052,-0.113100522791444,-0.0671262906452108,0.205942089982484,-0.172699830539979,0.435897504492772,0.168532152351102,-0.293198658045494,-0.292326012364525,-0.0149681057293176,-0.27359290911333,-0.141558669261564,-0.111013575382132,0.0967390757201091,-0.0516916714597597,-0.041853734469361,-0.0136959980640547,0.0728652864169817,-0.0162336328507645,0.041999764888819,0.0210535542659583,0.0186387611940022,-0.0262239804783354,-0.00673355003738416
"holiday_homes_1970",-0.145663593554239,0.30886650378417,0.137771034526605,0.0561746787158765,0.0452261507108477,0.0985465172781079,-0.190118181300721,0.113828366214642,-0.0374995405357654,0.0789067222054473,-0.0633755474717784,-0.049115939684657,0.0361833619871085,0.0727674643578792,0.136550614215336,0.0596548107452077,-0.0816401424156454,-0.293184070187675,0.070101190868076,0.152156551988555,0.0962313611183033,0.100464748623079,0.182125141686915,-0.0215597136898906,0.368759563137075,0.0309332661498229,-0.0388039188736787,-0.272063783666492,0.381967896324116,0.0114426316938724,0.401504411716371,0.238307711438196,-0.0835590342048178,0.000807172107363102,0.0191777669063896
"hh_dwelling_ratio",0.212341989933212,0.1407598069472,0.232890072752865,-0.20516049604087,0.116783024372367,0.134032661631062,-0.00535918072546422,0.176661651325034,-0.0712676439777853,-0.00943564235065587,0.0328130337427899,-0.043154287713987,0.0104209527745077,-0.0727399325264249,-0.0557122201326074,0.0770383010838545,0.0754743383316332,0.0724837271234372,0.0529229826390718,0.0700144348891169,-0.0443370469697471,0.207833256115382,0.259728996764536,0.288060502981802,-0.0823145548694445,0.108370826492661,0.126599116721486,-0.0877868487598972,-0.198810609386414,-0.01721909909556,-0.123050334125958,-0.0902455762366377,-0.530985833857789,-0.389095894312072,-0.0206778901216589
"median_hh_price",-0.119270288675929,0.177520487580524,0.110332803543897,-0.184907261728853,0.29976447420686,0.130056424466326,0.00970180180760975,-0.0778322603106593,0.0828727809407584,0.0610058739662212,-0.0862173957895979,0.156372026019054,0.158153911339869,-0.242892166989251,-0.702549086573922,-0.14139274113201,-0.0335671912596292,0.0445799405356138,-0.127423967074908,-0.163315044271577,0.194215521639205,-0.177453348872927,-0.063191539906127,-0.0953120150768362,0.0682107642944061,-0.0110554242712086,-0.10137306892395,-0.0561223351436243,-0.0213180852009896,0.01158274705441,0.0807158499532413,0.0346240874760549,-0.0020452085669793,0.0101177228435137,0.000306421616538832
"prop_hh_area",-0.134852155175659,0.0227396501772784,0.125592377641583,-0.0149928785663836,0.379393919808359,0.319083745846099,-0.0570483202539497,0.264606814627184,-0.193515097232928,-0.145515070996576,-0.283533491253077,-0.0473148523193596,-0.0236912626335432,0.190496781621158,0.17516575892391,-0.0581378356734412,-0.141729044464696,0.207541208167568,-0.150566970380633,0.0926972132677757,-0.117785939796755,0.116920115092007,-0.202773786204402,-0.407873254261209,-0.17003733373255,0.158688072380812,-0.0207032559272775,0.204790153197917,0.0298981858408701,0.0779489695463613,-0.0119241128452654,-0.0141502508806174,0.000143400516058045,-0.0283253959798089,-0.00926596879660637
"prop_wetlands",0.0919789111605399,0.0415314027387114,0.115371137296613,-0.0355168729117481,-0.392204312646758,0.344261339579336,-0.0251088178651074,-0.220178454287296,-0.175867393252453,-0.230555317015231,-0.174913213869112,0.240012253376068,-0.340881870844702,0.143935466142913,-0.108155475246644,0.280185887523414,0.046603095851502,0.236766817851815,0.0566167992024772,0.0457317137413117,0.37593926393616,0.0767230593202837,-0.113182043345941,0.0346442261340135,0.0674286228286192,-0.121805465860269,-0.0552555733703654,0.0144568078125538,0.0367925470106814,0.0170081507797542,-0.0184444782613458,0.0648758833252103,-0.014167463879093,0.0242254607939652,-0.00306186421788192
"prop_montainous",0.119493800007451,0.0196334570162108,-0.292217397922714,0.116007493802454,0.37593441522084,-0.12035647778963,-0.0799418973752734,0.0547044037141341,-0.165976255241512,0.0161495387030506,-0.140420748266619,-0.0154846754186927,0.169797946384403,0.0432312916914796,0.17483765601508,-0.00983670557467675,0.0875243623720279,0.425297642828982,0.173080624559787,0.0439891012910642,0.233378232400143,-0.143075830525955,-0.110987220636596,0.160445998253617,0.144906940528381,-0.352924025433189,0.097264357881967,-0.293298765779644,-0.149646917380718,0.0954316711266637,0.0686719406323925,0.0262434836226008,-0.0135705360146403,0.0242864971774574,-0.00372116360868987
"altitudinal_range",0.2089658529678,0.199229391932548,-0.192557259899393,0.0171670431833386,0.0181058870009685,-0.195029509270263,-0.136902776319021,-0.00882510343683057,0.0721028831399721,-0.0777256357601804,0.0305141038349055,0.0525475712891674,0.103157048247012,-0.167891693970997,0.147953561561262,0.148046560267013,-0.132993492334139,0.081218855583985,-0.176694563117141,0.0464227361271337,0.19293278877203,0.0520601745389206,0.132931921119568,-0.096856931123174,0.231567894115936,0.24039947972132,-0.358210592016396,0.382078938859069,-0.321835937693386,-0.0415696332697073,-0.0309774211084954,0.318212836396703,-0.0720440922359742,0.037917020530737,0.000575176791682357
"dist_to_coast",0.101425411831644,0.246412333484907,0.23298941978683,0.166487971411171,-0.205521472290407,-0.18978015250304,0.243291831732103,-0.0347550925048695,0.0305415182050387,-0.00116001379692731,0.0176673885610405,-0.117400009609022,0.179088240752746,0.00195867293752217,0.00338527858793339,0.029841694202883,-0.00731358608080518,0.084401264067362,-0.101667078681476,0.149229751074004,0.141587656589595,0.192543224985786,-0.113223230968933,-0.247995609128543,-0.0376871823585982,0.170769353950843,-0.110446323814881,-0.337863541399385,-0.265960491697999,0.17690208078858,0.190513235500871,-0.422489485776798,0.121387215868568,0.0187512163077095,0.0162635463882106
"veg_sections",0.0288940625964526,0.0894335219012373,0.218517132379288,0.302215771172366,-0.0404012996870144,0.194411755503491,0.465223254027584,-0.250486755913043,-0.234615219518838,0.0342093118488111,-0.148436678414622,0.0213562301562306,0.125319030921889,-0.18281868731111,0.158091868635527,-0.218592509773568,0.0117969478890577,-0.0819742710307198,0.0415430037127909,-0.0558534646161857,-0.1530644610658,-0.13193008207173,-0.109536934373164,0.129247717972772,-0.0160368680632137,0.0537625769182833,0.094642716895644,0.0185399648724284,-0.195778532181436,-0.0378389963824105,0.0643822973547476,0.438219469956255,-0.0108508802102716,-0.0545708232405326,-0.0119226588492654
"veg_zones",-0.233156993867272,-0.1326790265031,0.152808352103407,-0.091432204371412,-0.091908345579663,-0.130236306949997,-0.16031615797824,0.188635077691729,0.167327381586978,0.0591579779950463,0.142432619333758,-0.0633434049865187,-0.081375489476699,0.241300590552028,-0.0872321221154167,0.0570645619784514,0.0301005576089794,-0.0406868331580866,0.187070899628071,-0.0184163026763192,0.117006870683546,0.0139201019496722,-0.166899011622838,-0.184519007347926,-0.246446724062489,-0.0469516732554624,0.0857008737027176,-0.172337475661867,-0.456081054212174,-0.164820150265493,0.161746675246685,0.446290207437653,-0.058691087846466,-0.0192327600237138,0.0111352060595955
"prop_protected",0.154482749596619,0.156807031224332,-0.145275918619199,0.0414082235404463,0.19836534149225,-0.131526572315937,0.160150009604578,-0.104297762101516,-0.284214920489305,0.0273149879343704,-0.096416389884284,-0.194892670541883,-0.0346644179513219,0.555831146277195,-0.234801723343495,0.155713552744559,0.338723098548871,-0.325411789305151,-0.0685391383080529,-0.216549009646968,-0.0352022857830134,0.0872624234928847,0.0301979449156798,-0.00358616613483888,0.0125788706049527,-0.0151234300087301,-0.144934219305411,0.0810676047673049,-0.0593732124360719,-0.0207793570819494,-0.0450426651401693,0.0188213705519325,-0.00934170121982411,0.0274095876318374,0.0090256776189614
"grazing_livestock",0.0692148412667145,0.193516157356256,-0.141130980698178,-0.219344713992292,-0.120173340045688,-0.0480474371064149,-0.382636793304267,-0.324587199726055,0.131460158941391,-0.0516743430291284,-0.356228884084317,-0.0478863513750505,0.135912555049056,-0.075846997690723,0.103201924065933,-0.212242469981741,0.135580640584612,-0.0792164040915249,-0.253000914544317,-0.0302334095430027,-0.111059358674623,0.306114281087062,-0.261327258076793,0.154249015465058,-0.233568543897863,-0.0531378002423167,0.121039046888024,-0.0516055305292414,-0.00609724342264149,-0.102454376921397,0.129523318827552,0.0395257802983167,-0.0186933477034531,0.0149082568887372,-0.0174540836294084
"infrastructure_index",-0.27602085868031,-0.0593561467113283,0.168531817480276,-0.0850984502205504,0.0439518147508507,0.0414065192959715,-0.0253573748586789,-0.130900737256127,0.039128509135646,-0.116393071474451,-0.0632344555681794,0.0649770736550309,-0.0705539937722242,0.0142797655064313,0.166159148399604,-0.0534487244884109,0.000462609381305525,-0.126068182453116,-0.0580931393945639,-0.0943270307702734,-0.17094424044671,-0.0433576900402487,0.0277734995137738,-0.00715578517878226,0.269243691054012,-0.190681772018486,-0.139519184857929,-0.0808982689201199,-0.293639560716099,0.10005938618731,-0.124322090520069,-0.187561209878885,-0.430624393208271,0.523432075672827,0.0550648762837004
"population",-0.266955192951781,0.120258016800975,-0.105920194841605,0.154394773623508,-0.120670586390093,0.0191073579721222,-0.173049827652509,-0.102914748248979,-0.0397418468908075,0.0783755847893883,-0.0425262048023063,0.0575163824941109,0.0459831231477835,0.0505925791551942,0.0550849739525247,-0.065713103528821,-0.0557434319916881,-0.139083222452327,0.066643040559026,-0.0247177552216628,0.0275658740306219,-0.164915273133676,-0.124843171313349,-0.0793375881418953,0.070363559869084,-0.111031282107528,-0.114767037276518,0.0769853280022884,-0.102602995155305,0.0732416556457904,-0.15747807239623,-0.155193727697423,-0.0734651452525215,-0.516718379658316,0.589912930936755
"population_change",-0.271789138665287,0.0645554190144847,-0.056045535257812,-0.0692681026511239,-0.16067577954279,-0.0425252189289788,0.0932628482349281,0.104766788847852,-0.10544670090815,0.00764004843082204,-0.163562642930142,-0.0765662203850175,0.110013094906777,0.00807731789497026,-0.0370274084559753,-0.0321434655983628,0.099163958382273,0.337205197806434,0.165919716839381,-0.0369745157227621,-0.19886718467329,0.053767957023325,0.028844558031047,0.077936249823732,0.109588480420685,0.153019002435079,-0.36030802550767,-0.153650547432304,0.0794324736012169,-0.628241166206066,-0.107568813446989,-0.0541827109961382,0.0460598643894989,0.00960408027623923,0.00239006945255558
"median_age",0.214330731584979,-0.0351698743382928,0.207324040987663,0.146181336828902,0.275311785657436,0.0441648477848567,-0.0669665993688881,-0.109063181739852,0.0647124803790865,0.00832878456125613,0.0370802624830139,0.0407973484482235,-0.147594560905643,0.0856363395339862,0.19252754743733,-0.00438238887193797,-0.316395854004135,-0.214375895631028,-0.207047580313814,-0.0806520959930555,0.305974806885203,-0.176232075335991,-0.0439439707349751,0.101708231674247,-0.115942184310662,-0.0136393927762482,-0.0287173356927452,-0.134889325421236,-0.0270988247188962,-0.557310970026198,-0.0578287416528646,-0.197165112805066,0.0463995309003385,-0.00769591888150958,0.00685864567264756
"urban_settlement_ratio",-0.23339034449295,0.0506425181676868,-0.209519265124066,0.218974699156046,-0.01673170013847,0.0721326730502531,0.0337263771814669,0.038517447088685,-0.100622328886954,0.0690585949376597,0.179841585808363,0.0640528968391394,0.0581997188556355,-0.0589761948550233,-0.0986357677554073,0.083262071165613,0.0816310646732716,-0.0327086206349279,-0.438838735437205,0.239026329186394,0.0979027155841387,0.234038318188833,-0.00244427736355683,-0.102807423122369,0.0869222891728919,0.00245208593659019,0.316987989993134,-0.238317403216985,0.00840468526775943,-0.112508625630742,-0.476248637570506,0.160129812483708,-0.0240383189901347,0.0709051424695569,-0.011742504240444
"prop_farm_residents",0.227719403840433,0.0672090550905411,0.196895403787608,-0.21073771970425,-0.0503428212790108,-0.169766213112181,-0.0203599648983504,-0.0641407524080196,0.129083515348631,-0.181934888251537,-0.184459001997496,-0.127092926980341,0.0613383011181424,0.0778514091901283,0.071884060291661,-0.127511817498469,-0.163285371714105,-0.00399801335476367,0.172464097927308,-0.240509774555705,0.0107099559719781,-0.0427528855260366,0.0774911541760537,-0.256095979706163,0.141115790967106,0.0133656453570595,0.0528677115953154,-0.279844712429443,0.138608147076836,0.140362063122572,-0.54310574724084,0.219275356586565,0.125020555658471,-0.0795941341585868,-0.0212190152801839
"pop_2hr_drive",-0.220475482604671,0.0642703945475359,0.242519857107749,0.0262824680596444,-0.00732204583293432,-0.277277478816949,-0.00775914752172697,0.0470937097722853,0.0932694482411123,0.080481489091764,-0.0427710246655648,-0.0535842066984416,0.0137770117848566,0.25526028872265,-0.0261309405741912,0.048807474088394,-0.100256912400299,0.180857569981457,-0.102334950437997,-0.0925687416900001,0.11081823567117,-0.0790430733509866,-0.339233641271042,0.439130123293788,0.243633021840863,0.359766504278468,0.265081167308403,0.211034981427915,0.0900317369512806,0.1177413029196,-0.0638342153225376,-0.0153167914095672,-0.0288998636271636,0.0346287913118144,-0.00991358743598147
"pop_4hr_drive",-0.128596354245091,0.163437567734843,0.350298972675497,0.00484956034306651,0.0325039157727704,-0.217709560007585,0.172653282793861,-0.0320958088936604,0.135529802263209,0.00347944979301108,0.0684447264350544,-0.127254639119744,0.134911289067593,0.0589520494837554,0.0213088958888083,-0.0098603452709205,0.003249081489648,0.132292948415656,-0.113853911960209,0.222649454608218,0.0833194811314977,0.132131930066709,0.0796462160458554,0.042397892825721,-0.161152595786459,-0.60983327144175,-0.159544089054723,0.311202318205552,0.20120705194239,-0.0428349660610582,-0.0857609627128079,0.0934992775437031,-0.0154096352729514,-0.0395410933670957,-0.0162414271194581
"median_income",-0.176707893337807,0.10036148491265,-0.242162574972388,-0.238447475895974,-0.0833420031058443,0.0516536443243583,0.233430414057907,0.251473554301994,-0.0473444997851265,0.0033693951266391,-0.0614675952935584,-0.115936247004562,-0.144302920810985,-0.0190790998638506,0.125103813820049,-0.147560858153398,-0.129670263502988,-0.147251208848821,-0.149459535909611,0.0317548113762456,0.275944197957445,-0.133609637901349,-0.0287297012238287,0.312051462908133,-0.344018899556087,0.0714970007614448,-0.354554147382543,-0.196994416998103,0.0419512313476065,0.26393399627499,-0.108153552096978,0.0940791926852701,-0.0157102987934087,0.0582075919470023,-0.0123297354518077
"education",-0.190801853654621,0.166414619567562,-0.176363338625219,0.0920673460268392,0.0454016059817359,0.193729036520054,0.203569418151659,0.0965695139380535,0.209847283678036,-0.0738069386817402,0.0667887135194637,-0.143738304255465,-0.0276580307332975,-0.127894954694975,0.123591054744956,-0.0273576977233604,-0.0414671973214433,-0.0068135995039108,0.197202051321113,-0.560577694947233,0.277404963360289,0.422772148256605,0.043636792944998,-0.0244968223183823,0.0434235226143482,-0.0816012856051937,0.185009487104322,0.155147016235693,-0.0350217010693248,-0.0564339516683845,0.0451086035040151,-0.103530183370829,0.0315072147453404,0.0106762257157603,-0.00106722169751669
"employment_rate",0.0327497067602333,0.143553751363499,-0.185271751376389,-0.453939504367883,-0.13531959113477,-0.0372187180424859,0.29259215698611,0.104769805278402,-0.0663281775870097,-0.145099301083048,-0.0754800526744842,-0.114115143638762,-0.0435803928459394,0.0546636279157729,0.0110103246961111,-0.154620912781813,-0.0870167553971917,-0.135032719650862,-0.0192576625744071,0.285838629967386,0.0763371772263776,-0.219026270654797,-0.0161535177218686,-0.14542898974379,0.265203015427747,-0.110067832001289,0.382788355081573,0.179868443481562,-0.139159511792548,-0.232787742444066,0.122532663747512,-0.118114888211375,0.0197485897518113,-0.0311628360862927,0.0161470680027583
"prop_private_sector",-0.106991344164526,0.0229083570123696,-0.0263696337303034,-0.289132751847232,0.0810817196555198,-0.0542988667580483,-0.0723388912405719,-0.41442028271029,-0.492375887175926,0.0589278391729596,0.483676253554941,-0.0761461210709071,0.0621702090513044,0.0442088180458811,0.0186422003655415,-0.0950931083607429,-0.360879514728324,0.100902581056378,0.141120248268337,-0.0232487803145029,0.0121135837939098,0.20126042177956,-0.0535804881447966,-0.0165952188816224,-0.0560066090211887,0.0592254203160025,-0.0197144777718507,-0.0116798361783209,0.0357540745981012,0.0295015454469226,0.031759370311866,0.0141802970442202,-0.0039852145017143,0.0340351963013593,-0.00250684586397147
"municipal_economy",0.0470829702700885,-0.0452456194645809,-0.0350318698100892,-0.301501176407783,-0.0292705548269128,0.250571993678049,0.166817831248049,-0.155090347339938,0.208750399065073,0.716552298038048,-0.0990417892574831,0.0733054800976894,0.150528820991578,0.162469759028834,0.208489916321733,0.267188220749949,-0.0329591558608701,0.126749539060514,-0.101315261340114,-0.068362109037091,-0.0119097239718294,-0.033648251371812,0.0592851277583812,-0.107402502647659,0.0294252025682895,-0.0130953772464815,0.00231652489859766,-0.0147575276421529,-0.0226552211893691,0.0294252511744025,-0.0211377641729773,0.010012718031046,0.0150462939342236,-0.000957242026168117,0.0115660429435534
"unrestricted_revenues",0.246980812677483,-0.11108388003335,0.00283934539585665,-0.0991638092758939,0.145744658757304,0.115563788475308,0.12246685909755,0.127926464579749,0.144904209193299,0.0845724566134235,0.16158769143777,0.0299001030217637,-0.0636549179475024,-0.108204693227581,-0.0250195207828547,-0.0411505872190588,0.0655397085196417,-0.203706258404332,0.200901128346595,0.207195944796604,-0.0548983554637952,0.298795121118186,-0.621454278531875,0.0679421495743448,0.275966507557607,-0.0660647854744547,-0.249685693229307,-0.0109253518243377,0.0397085272091783,-0.0236336198898847,-0.129682735911016,0.031945266645092,0.0101258215973057,-0.0320548507690531,0.03661643879661
"off_road_motor",0.186387606567491,0.17445167193451,-0.097348824508794,0.119125597190739,-0.217938598952514,0.0755600185899064,-0.0489998381867013,0.270936608015241,-0.0665563415703767,0.0105552737873591,0.0141551411325895,-0.113103812462085,-0.00226981166843895,0.0361015591668659,-0.206290033628621,0.217254407078098,-0.527182034934201,0.0571489354108476,-0.192402136595903,-0.213473282306983,-0.409530936807974,-0.0162028911849606,-0.131695622305219,0.112131791490911,0.0445809570408265,-0.299016716652621,0.00716176549802255,-0.0773411656933238,-0.0828321939933651,0.0137205062969509,0.0683204713885558,0.043880129352917,0.0039472518238948,0.0280247868440624,-0.000436071975769069
"ski_lifts",0.0459589714045461,0.252524890275029,-0.0612049644879517,-0.0580836593529516,0.00354091426346782,-0.132527509010401,0.138787975753869,0.153496725923332,0.0512506147848518,-0.107189300914924,0.147213199470652,0.81099870918775,0.141916603643815,0.269211295939928,0.10685379451173,-0.139097463371309,-0.0145577305699673,-0.0120450623823546,0.0417831983877904,-0.0974306882888174,-0.112454900243597,0.0636638759729375,-0.00377600524485817,0.00102985149311682,-0.115956026973565,-0.00391691046924911,0.0272819895578471,-0.0388204323571619,0.0622447898707893,-0.022153080570649,0.0275659325377779,0.00108612203638373,-0.0186050833679863,0.0147321171703185,0.000300952168016958
"hiker_cabins",0.0248333713893165,0.263797605008662,-0.0606325960325859,0.117186079657546,0.110703548401251,-0.230262525592722,0.0378639654148097,-0.0888132362532108,0.0683118218483133,0.327634391502145,-0.090954786617634,0.0413202789492257,-0.733996552926242,-0.0544562015616606,-0.066901216008017,-0.273730590128482,-0.0543870192563196,0.183885597216479,0.0453676166385635,0.0794548598681759,-0.136709050969469,0.103563786905711,0.0830870641330292,-0.0945854167428411,0.0167372604540337,0.00769375954259217,0.0263063604897597,-0.0216737077866397,-0.0291873441104992,0.0159998548610619,-0.00356186303150064,0.0253571571006416,-0.0304240148334111,0.000218240281906984,0.00882698717700122
"activity_data",-0.245392658742534,0.225190193739891,-0.101060640997207,0.0656741058514108,0.013715700357856,-0.00624066398234924,-0.0669297554277242,-0.150881311952451,0.0521544623621529,-0.0187527807766714,0.0183941727306252,0.0296173488335755,-0.0305629946806633,-0.0435609927304648,0.0826783488204959,0.19860962269155,-0.00569044127597349,-0.13437184099483,0.123543487067821,0.0164195772283621,-0.0688816547497084,-0.209312269991454,-0.179173390793895,-0.0952176421508801,0.00838855977608953,-0.0530150298048125,-0.0699113142676643,0.00824938966292627,-0.0552417345704261,0.0314175482030689,-0.0986708188264646,-0.125359705506072,-0.07655583992564,-0.300250404243378,-0.732795488310478
"activity_pr_person",-0.0565161849767063,0.294413431608547,-0.0262240573620077,-0.13523321714034,0.240325968853317,-0.0789491614868885,0.147439037816106,-0.145485281802927,0.135598430961506,-0.224478942841662,0.0829269259484099,-0.0465247682589902,-0.117563030921946,-0.230478546238102,0.0858644205822668,0.560720514424662,0.0912388141717106,0.030116060968188,0.0920548471963702,0.0355497795216694,-0.182010137981085,-0.161015628450919,-0.128457458525957,-0.0176841814969123,-0.217145698802211,0.096801046253956,0.111645984573125,-0.0983705490029609,0.122268932304152,-0.0383852517878802,0.00825367844708558,0.0695869896158544,0.0190079227782543,0.126272224743314,0.32645882159367
"culture_index",0.0437768028737408,0.129645730469666,-0.175917343419348,0.129483810244975,0.0475825710137278,0.376643404299546,0.0230673361223593,-0.241868544039887,0.465226280964232,-0.220525831740086,0.260187543413927,-0.192591264157359,0.0531335007113693,0.389758840860425,-0.0848933430249206,-0.224673287256008,-0.0439930831455035,0.190561012361623,0.0276546759417725,0.208086088347998,-0.114421073971935,-0.100448952797666,0.0957584024217786,0.100815784879699,0.0229784812218151,0.105723129181742,-0.0597992237088313,-0.0523474205138621,-0.0284607060041044,0.0270013471950115,0.0118942893081396,0.0498652633400421,-0.0279080128877834,0.00909914266551154,0.0158137859028782
